AR(1)-GRW-Y report


Model

z_{t+1} = intercept_t + beta_t z_t + error_{t}
where z_t = log(pubs_adj_t + EPS).

EPS = 0.49
N = 50000
Y = 20

Yearwise log-productivity parameters

 year    n  mean_log_productivity  var_log_productivity  sd_log_productivity
    0 2069               1.096164              1.169240             1.081314
    1 2149               1.143948              1.206474             1.098396
    2 2208               1.420733              1.146156             1.070587
    3 2252               1.597963              1.111421             1.054239
    4 2283               1.649832              1.152084             1.073352
    5 2277               1.685266              1.157075             1.075674
    6 2214               1.630428              1.173957             1.083493
    7 2156               1.587435              1.151704             1.073175
    8 2074               1.510005              1.208534             1.099334
    9 1992               1.494018              1.177235             1.085005
   10 1903               1.444707              1.259275             1.122174
   11 1823               1.428844              1.270599             1.127209
   12 1713               1.398500              1.253534             1.119613
   13 1609               1.378519              1.256848             1.121092
   14 1497               1.302435              1.311867             1.145368
   15 1373               1.306973              1.317800             1.147955
   16 1275               1.318076              1.335482             1.155631
   17 1178               1.333185              1.351268             1.162441
   18 1096               1.256023              1.446413             1.202669
   19 1028               1.274860              1.402249             1.184166
   20  957               1.264635              1.379372             1.174466

Yearwise AR(1) parameters

 year    n  intercept     beta  sigma_resid  var_resid  implied_stationary_mean_log  implied_stationary_var_log    mean_resid  sd_resid
    0 2067   0.742623 0.349219     1.044612   1.091213                     1.141126                    1.242774 -6.823548e-16  1.044612
    1 2143   0.966299 0.390730     0.991072   0.982224                     1.585995                    1.159199  5.404501e-16  0.991072
    2 2202   0.912463 0.480602     0.927570   0.860387                     1.756772                    1.118808  3.081600e-16  0.927570
    3 2247   0.808968 0.526583     0.923766   0.853344                     1.708786                    1.180755  5.533822e-16  0.923766
    4 2259   0.808450 0.528990     0.914065   0.835514                     1.716418                    1.160164  1.116612e-16  0.914065
    5 2200   0.739552 0.525945     0.924041   0.853851                     1.560054                    1.180359  3.867613e-16  0.924041
    6 2142   0.679839 0.553301     0.890070   0.792224                     1.521918                    1.141767 -1.243947e-16  0.890070
    7 2059   0.626020 0.552978     0.923991   0.853759                     1.400425                    1.229820 -5.728514e-16  0.923991
    8 1985   0.662685 0.547129     0.900615   0.811107                     1.463295                    1.157649 -1.959809e-16  0.900615
    9 1895   0.553715 0.592112     0.915138   0.837477                     1.357516                    1.289609 -4.691644e-16  0.915138
   10 1814   0.579783 0.587908     0.910314   0.828672                     1.406926                    1.266376 -3.740729e-16  0.910314
   11 1710   0.562217 0.580594     0.901747   0.813147                     1.340509                    1.226632  3.698146e-16  0.901747
   12 1599   0.514026 0.614234     0.878917   0.772496                     1.332480                    1.240526 -4.077067e-16  0.878917
   13 1493   0.434381 0.621561     0.898682   0.807630                     1.147822                    1.316083  3.016118e-16  0.898682
   14 1367   0.511307 0.611918     0.896345   0.803434                     1.317522                    1.284350  5.730603e-16  0.896345
   15 1271   0.540033 0.586981     0.929963   0.864831                     1.307524                    1.319438 -2.138337e-16  0.929963
   16 1174   0.489393 0.638554     0.883605   0.780758                     1.353986                    1.318295  4.841859e-17  0.883605
   17 1094   0.376175 0.654921     0.919457   0.845401                     1.090114                    1.480360 -4.319113e-16  0.919457
   18 1023   0.466293 0.643098     0.887285   0.787275                     1.306499                    1.342498 -3.021369e-16  0.887285
   19  957   0.440114 0.642341     0.878096   0.771053                     1.230539                    1.312657  4.723958e-16  0.878096

Global AR(1) parameters

 model     n  intercept     beta  sigma_resid  var_resid  implied_stationary_mean_log  implied_stationary_var_log   mean_resid  sd_resid
global 34701   0.646586 0.555915     0.930687   0.866178                     1.455995                    1.253588 2.522661e-16  0.930687

summary
-------
 empirical_mean_y0  empirical_mean_y5  empirical_mean_y10  empirical_mean_y20  simulated_mean_y0  simulated_mean_y5  simulated_mean_y10  simulated_mean_y20  empirical_median_y0  empirical_median_y5  empirical_median_y10  empirical_median_y20  simulated_median_y0  simulated_median_y5  simulated_median_y10  simulated_median_y20  simulated_y20_q95  simulated_y20_q99  simulated_y20_max  ks_year_max_stat  ks_year_max_p  ks_cum_y5_stat  ks_cum_y5_p
          4.304679           7.729319            6.428626            5.797863           4.312892            9.10222            7.308657            6.365236             3.225469             6.352937              4.614405              3.694654             2.982699              4.89832              3.694178              2.985274          23.414361          52.400355         562.225109          0.076105       0.000707        0.043186     0.153129