Naïve-GRW-Y report


Model

z_{t+1} = z_t + error_t
where z_t = log(pubs_adj_t + EPS).
error_t ~ Normal(mean_log_delta_t, sigma_log_delta_t^2).

EPS = 0.49
N = 10000
Y = 20

Yearwise log-productivity parameters

 year    n  mean_log_productivity  var_log_productivity  sd_log_productivity
    0 2069               1.096164              1.169240             1.081314
    1 2149               1.143948              1.206474             1.098396
    2 2208               1.420733              1.146156             1.070587
    3 2252               1.597963              1.111421             1.054239
    4 2283               1.649832              1.152084             1.073352
    5 2277               1.685266              1.157075             1.075674
    6 2214               1.630428              1.173957             1.083493
    7 2156               1.587435              1.151704             1.073175
    8 2074               1.510005              1.208534             1.099334
    9 1992               1.494018              1.177235             1.085005
   10 1903               1.444707              1.259275             1.122174
   11 1823               1.428844              1.270599             1.127209
   12 1713               1.398500              1.253534             1.119613
   13 1609               1.378519              1.256848             1.121092
   14 1497               1.302435              1.311867             1.145368
   15 1373               1.306973              1.317800             1.147955
   16 1275               1.318076              1.335482             1.155631
   17 1178               1.333185              1.351268             1.162441
   18 1096               1.256023              1.446413             1.202669
   19 1028               1.274860              1.402249             1.184166
   20  957               1.264635              1.379372             1.174466

Yearwise naive log-delta parameters

 year    n  intercept_log_delta  beta_log_prod  sigma_log_delta  mean_log_delta  sample_sd_log_delta
    0 2067             0.742623      -0.650781         1.044612        0.028980             1.259683
    1 2143             0.966299      -0.609270         0.991072        0.268758             1.196293
    2 2202             0.912463      -0.519398         0.927570        0.173335             1.081619
    3 2247             0.808968      -0.473417         0.923766        0.051549             1.050041
    4 2259             0.808450      -0.471010         0.914065        0.027380             1.044818
    5 2200             0.739552      -0.474055         0.924041       -0.063831             1.057698
    6 2142             0.679839      -0.446699         0.890070       -0.053350             1.014904
    7 2059             0.626020      -0.447022         0.923991       -0.089495             1.043648
    8 1985             0.662685      -0.452871         0.900615       -0.025281             1.031750
    9 1895             0.553715      -0.407888         0.915138       -0.060497             1.019692
   10 1814             0.579783      -0.412092         0.910314       -0.016302             1.023756
   11 1710             0.562217      -0.419406         0.901747       -0.042409             1.021664
   12 1599             0.514026      -0.385766         0.878917       -0.029667             0.982846
   13 1493             0.434381      -0.378439         0.898682       -0.094365             0.997871
   14 1367             0.511307      -0.388082         0.896345        0.006188             1.006154
   15 1271             0.540033      -0.413019         0.929963       -0.008170             1.048668
   16 1174             0.489393      -0.361446         0.883605        0.010940             0.982231
   17 1094             0.376175      -0.345079         0.919457       -0.088001             1.006382
   18 1023             0.466293      -0.356902         0.887285        0.016515             0.989172
   19  957             0.440114      -0.357659         0.878096       -0.018985             0.979618

Global naive log-delta parameters

 model     n  intercept_log_delta  beta_log_prod  sigma_log_delta  mean_log_delta  sample_sd_log_delta
global 34701             0.646586      -0.444085         0.930687        0.006178             1.057624

summary
-------
 empirical_mean_y0  empirical_mean_y5  empirical_mean_y10  empirical_mean_y20  simulated_mean_y0  simulated_mean_y5  simulated_mean_y10  simulated_mean_y20  empirical_median_y0  empirical_median_y5  empirical_median_y10  empirical_median_y20  simulated_median_y0  simulated_median_y5  simulated_median_y10  simulated_median_y20  simulated_y20_q95  simulated_y20_q99  simulated_y20_max  ks_year_max_stat  ks_year_max_p  ks_cum_y5_stat  ks_cum_y5_p
          4.304679           7.729319            6.428626            5.797863           4.318665           8.926961             7.24481            6.264975             3.225469             6.352937              4.614405              3.694654             3.019073             4.679094              3.746527              2.969145           23.06866          48.978718         200.613548           0.06552       0.007461        0.044849     0.144315